[?25l[39m                    [38;2;47;47;47m4[38;2;71;71;71m000                     [39m
               [38;2;79;79;78m1[38;2;93;93;93m0[38;2;111;111;111m0[38;2;133;133;133m0[38;2;144;144;144m000000[38;2;142;142;142m0[38;2;122;122;121m0[38;2;105;105;105m6[38;2;82;82;82m1                [39m
           [38;2;78;78;78m1[38;2;131;131;131m4[38;2;144;144;144m000000000000000000[38;2;136;136;135m0[38;2;88;88;87m9            [39m
         [38;2;121;121;121m4[38;2;144;144;144m00000[38;2;124;124;124m4[38;2;102;102;101m7[38;2;80;80;80m7  [38;2;47;47;47m4[38;2;71;71;71m000  [38;2;78;78;78m7[38;2;98;98;98m7[38;2;111;111;111m4[38;2;135;135;135m0[38;2;144;144;144m0000[38;2;132;132;132m0[38;2;73;73;73m1         [39m
       [38;2;144;144;143m4[38;2;144;144;144m0000[38;2;94;94;94m5       [38;2;47;47;47m4[38;2;71;71;71m000       [38;2;104;104;104m7[38;2;144;144;144m4000[38;2;147;147;146m0        [39m
     [38;2;97;97;96m2[38;2;144;144;144m0000[38;2;81;81;81m7         [38;2;47;47;47m4[38;2;71;71;71m000          [38;2;138;138;138m4[38;2;144;144;144m000[38;2;124;124;124m6      [39m
    [38;2;128;128;128m4[38;2;144;144;144m000[38;2;99;99;99m5           [38;2;47;47;47m4[38;2;71;71;71m000           [38;2;86;86;86m7[38;2;144;144;144m000[38;2;143;143;143m0     [39m
   [38;2;126;126;125m4[38;2;144;144;144m000[38;2;81;81;80m6            [38;2;47;47;47m4[38;2;71;71;71m000             [38;2;142;142;141m0[38;2;144;144;144m000    [39m
  [38;2;78;78;78m9[38;2;144;144;144m000[38;2;79;79;79m6             [38;2;47;47;47m4[38;2;71;71;71m000              [38;2;144;144;144m000[38;2;136;136;136m6   [39m
  [38;2;144;144;144m000[38;2;124;124;124m5 [38;2;6;68;145m1[38;2;9;72;152m0[38;2;6;70;151m9[38;2;4;61;132m1         [38;2;47;47;47m4[38;2;71;71;71m000 [38;2;5;64;138m1[38;2;10;71;148m0[38;2;11;72;150m0[38;2;7;67;141m1     [38;2;4;60;130m1[38;2;13;70;145m0[38;2;10;73;152m0[38;2;4;67;146m1[38;2;80;107;144m3[38;2;144;144;144m000   [39m
  [38;2;144;144;144m000[38;2;37;120;226m0[38;2;0;114;254m0[38;2;8;74;157m5[38;2;4;69;151m7[38;2;5;76;165m7[38;2;17;100;208m4[38;2;0;114;254m0[38;2;17;82;165m6     [38;2;6;61;131m1 [38;2;50;50;50m1[38;2;71;71;71m00[38;2;29;97;184m0[38;2;0;114;254m0[38;2;12;84;177m0[38;2;8;72;153m7[38;2;4;73;160m7[38;2;15;82;168m5[38;2;0;114;254m0[38;2;12;100;213m6  [38;2;7;116;253m0[38;2;13;100;210m0[38;2;6;70;148m7[38;2;7;72;152m7[38;2;7;83;179m7[38;2;8;108;234m4[38;2;111;137;173m0[38;2;144;144;144m00[38;2;127;127;126m6  [39m
 [38;2;102;102;102m4[38;2;144;144;144m00[38;2;60;126;211m0[38;2;0;114;254m0     [38;2;13;83;171m4[38;2;0;114;254m0  [38;2;0;114;254m0[38;2;21;119;246m0[38;2;15;75;154m5[38;2;9;85;181m7[38;2;13;112;237m0[38;2;2;113;251m0[38;2;71;71;71m0[38;2;49;85;131m0[38;2;0;114;254m0[38;2;21;74;143m6     [38;2;0;114;254m0[38;2;18;85;170m6 [38;2;13;105;221m0[38;2;14;118;250m0[38;2;23;78;152m6[38;2;5;63;134m1  [38;2;132;132;131m9[38;2;144;144;144m000  [39m
 [38;2;107;107;107m4[38;2;144;144;144m00[38;2;60;126;210m0[38;2;0;114;254m0     [38;2;16;73;146m4[38;2;0;114;254m0  [38;2;0;114;254m0[38;2;29;84;154m6  [38;2;8;84;177m4[38;2;0;114;254m0[38;2;69;72;78m0[38;2;47;86;136m0[38;2;0;114;254m0[38;2;22;69;132m6     [38;2;0;114;254m0[38;2;18;90;180m6   [38;2;2;74;162m7[38;2;6;83;181m7[38;2;14;110;232m4[38;2;0;114;254m0[38;2;78;129;193m0[38;2;144;144;144m000  [39m
 [38;2;84;84;84m4[38;2;144;144;144m00[38;2;144;144;145m0[38;2;35;124;236m0[38;2;4;115;254m0[38;2;8;67;143m1  [38;2;14;81;168m0[38;2;0;114;254m0[38;2;31;110;215m7  [38;2;0;114;254m0[38;2;16;70;139m6  [38;2;0;75;166m4[38;2;0;114;254m0[38;2;69;72;78m0[38;2;71;71;71m0[38;2;29;97;183m0[38;2;0;114;254m0[38;2;22;83;163m6  [38;2;13;72;149m2[38;2;1;114;254m0[38;2;11;100;210m0  [38;2;11;99;210m0[38;2;5;66;143m1  [38;2;7;65;138m1[38;2;0;114;254m0[38;2;67;128;205m0[38;2;144;144;144m00[38;2;129;129;128m5  [39m
  [38;2;144;144;144m000[38;2;120;120;120m6[38;2;20;65;127m7[38;2;16;77;158m5[38;2;35;106;207m4[38;2;30;99;193m4[38;2;10;80;170m7    [38;2;1;85;190m7    [38;2;16;87;174m5[38;2;71;71;71m000 [38;2;5;84;184m7[38;2;28;97;193m4[38;2;34;105;205m4[38;2;9;85;181m7     [38;2;5;85;185m7[38;2;32;99;194m4[38;2;34;108;210m4[38;2;8;87;187m7[38;2;69;90;122m9[38;2;144;144;144m000   [39m
  [38;2;107;107;107m4[38;2;144;144;144m000              [38;2;47;47;47m4[38;2;71;71;71m000              [38;2;142;142;142m0[38;2;144;144;144m00[38;2;140;140;139m0   [39m
   [38;2;133;133;133m9[38;2;144;144;144m000             [38;2;47;47;47m4[38;2;71;71;71m000             [38;2;144;144;144m4000    [39m
    [38;2;133;133;133m9[38;2;144;144;144m000[38;2;80;80;79m2           [38;2;47;47;47m4[38;2;71;71;71m000            [38;2;138;138;137m0[38;2;144;144;144m000     [39m
     [38;2;122;122;122m4[38;2;144;144;144m000[38;2;127;127;127m0          [38;2;47;47;47m4[38;2;71;71;71m000          [38;2;98;98;98m0[38;2;144;144;144m000[38;2;135;135;135m0      [39m
      [38;2;82;82;81m7[38;2;142;142;141m0[38;2;144;144;144m000[38;2;128;128;128m0[38;2;74;74;74m1       [38;2;47;47;47m4[38;2;71;71;71m000        [38;2;104;104;104m0[38;2;144;144;144m0000[38;2;96;96;95m5       [39m
        [38;2;102;102;102m7[38;2;130;130;130m0[38;2;144;144;144m0000[38;2;125;125;125m0[38;2;87;87;86m9    [38;2;47;47;47m4[38;2;71;71;71m000    [38;2;81;81;81m1[38;2;108;108;108m0[38;2;144;144;144m00000[38;2;96;96;96m5         [39m
           [38;2;100;100;100m5[38;2;140;140;140m0[38;2;144;144;144m0000000[38;2;106;106;106m0[38;2;71;71;71m000[38;2;144;144;144m00000000[38;2;122;122;122m4[38;2;78;78;78m7           [39m
              [38;2;95;95;95m7[38;2;97;97;97m5[38;2;136;136;136m4[38;2;139;139;139m0[38;2;144;144;144m00[38;2;107;107;107m0[38;2;71;71;71m000[38;2;144;144;144m000[38;2;121;121;121m0[38;2;120;120;119m4[38;2;95;95;95m7               [39m
                    [38;2;47;47;47m4[38;2;71;71;71m000                     [39m
                                             [39m
[?25h